WIDTH: 19
HEIGHT: 30
28 28 28 28 28 28 28 28 28 28 00 00 28 28 28 28 28 28 28
28 28 28 28 28 08 09 09 08 28 28 00 08 28 28 28 28 28 28
28 28 28 28 28 28 00 49 09 09 09 09 08 28 28 28 28 28 28
28 28 28 28 00 09 09 09 00 09 09 09 09 00 09 28 28 28 28
28 28 28 08 08 00 09 00 00 09 09 52 49 08 28 28 28 28 28
28 28 28 28 28 00 08 00 00 00 08 09 49 49 49 28 28 28 28
28 28 28 28 09 09 00 00 09 00 00 01 09 49 09 28 28 28 28
28 28 28 28 09 00 13 5e 66 09 5c 5e 54 09 08 28 28 28 28
28 28 28 28 00 0b 15 67 af a6 a7 67 5e 0b 09 28 28 28 28
28 28 28 28 00 15 15 0c 15 af 5e 0c 15 1d 09 28 28 28 28
28 28 28 28 00 52 5c ae ae 15 66 ae a5 53 09 28 28 28 28
28 28 00 0a 13 4a a4 f6 5b 54 5b ed f5 49 13 0b 0a 28 28
28 28 01 15 67 14 5c a4 00 9b 09 5a a4 13 67 15 0a 28 28
28 28 00 0b 5e 1e 5d a5 54 ad 5c 5c 65 1d 5e 14 01 28 28
28 00 00 00 02 15 67 a7 5d a5 65 a7 a7 15 03 01 00 09 28
28 00 09 00 00 02 15 5d 00 09 00 54 5e 0a 00 00 09 09 28
28 28 28 00 00 09 0b 0b 09 5b 09 0a 0b 0a 00 00 28 28 28
28 28 28 00 02 16 0c 01 01 00 01 01 03 16 03 00 28 28 28
28 09 4a 02 16 0b 01 04 07 02 06 05 02 02 16 0b 09 49 28
52 5b 9b 52 09 08 03 07 1f 1f 1f 0f 05 00 09 4a 5b 9b 52
49 a4 ff f6 a4 09 01 0b 1f 1f 1f 0c 01 09 5b ad f6 ad 52
49 a4 ad 52 a3 09 53 9e 02 02 02 55 9d 09 9b 52 a4 ed 52
28 51 5b 5b 09 08 43 ce de 09 9d d7 84 00 09 5b 5b 52 28
28 28 09 09 00 0b 0b 41 4a 09 4a 4a 02 0b 00 09 09 00 28
28 08 51 ad ad 2e 25 0b 0b 01 0a 0b 1c 2f ad ad 5c 02 09
09 0a 14 7f 7f 3f 2f 14 0a 09 09 0c 26 3f 7f 7f 26 0b 09
08 09 0b 1e 26 1e 14 0a 00 00 00 09 13 1e 26 1e 14 09 08
28 08 09 0a 0b 0a 01 00 00 09 09 00 01 0a 0b 0a 09 09 28
28 28 00 00 00 08 08 09 09 09 09 09 08 08 00 11 11 28 28
28 28 28 28 08 09 08 08 08 08 08 08 08 08 10 28 28 28 28
